8
0 5466 8308 8068 7284 5635 6055 8129 
5466 0 8205 7384 6794 6048 6174 6306 
8308 8205 0 5485 7872 7981 7868 6912 
8068 7384 5485 0 7002 6683 7544 8278 
7284 6794 7872 7002 0 5159 8240 5663 
5635 6048 7981 6683 5159 0 8801 8844 
6055 6174 7868 7544 8240 8801 0 5493 
8129 6306 6912 8278 5663 8844 5493 0 